prueba: 2026-02-11 08:50:33.224803
lol: 2026-02-11 08:50:35.835898
Otra prueba: 2026-02-17 08:24:57.742036
